score  

    tabScore = [
        [245,350,75,90],
        [245,585,75,90]
    ]

 4v4  
   
tabTaille = [
    [462,305,1087,41],
    [462,350,1087,41],
    [462,396,1087,41],
    [462,442,1087,41],

    [462,539,1087,41],
    [462,584,1087,41],
    [462,630,1087,41],
    [462,676,1087,41]
]

4v3
   
tabTaille = [
    [462,305,1087,41],
    [462,350,1087,41],
    [462,396,1087,41],
    [462,442,1087,41],

    [462,539,1087,41],
    [462,584,1087,41],
    [462,630,1087,41],
]



3v4
tabTaille = [
    [462,305,1087,41],
    [462,350,1087,41],
    [462,396,1087,41],

    
    [462,492,1087,41],
    [462,538,1087,41],
    [462,584,1087,41],
    [462,630,1087,41]
]


3v3
    tabTaille = [
        [462,305,1087,41],
        [462,350,1087,41],
        [462,396,1087,41],

        [462,495,1087,41],
        [462,540,1087,41],
        [462,586,1087,41],

    ]




